	SRR8894380	SRR4198666	ERR3761197	ERR4011035	SRR5260499	ERR3761220	SRR5260500	ERR3761196	ERR4011033	SRR6754098	SRR4198832	SRR6754103	ERR3761214	SRR6754086	ERR3761212	ERR3761218	ERR3761210	SRR6754092	SRR6754100	ERR3761219	ERR3761195	SRR6754093	ERR3761211	ERR4011032	SRR6754088	SRR3184739	ERR3761215	ERR3761206	ERR3761221	SRR5260498	SRR9302960	ERR3761209	ERR3761194	SRR6754102	SRR7054681	SRR12261223	ERR3761213	SRR9302959	SRR1173821	SRR9302962	ERR4011037	SRR6754101	SRR9302961	ERR3761199
SRR8894380	NA	0.4825	0.5324	0.4854	0.5855	0.5233	0.5788	0.5146	0.4817	0.5261	0.4815	0.5286	0.5075	0.5167	0.5015	0.5077	0.5022	0.5124	0.5326	0.5076	0.5461	0.5245	0.5016	0.4818	0.5163	0.5198	0.5048	0.5037	0.5226	0.5814	0.0726	0.5055	0.5261	0.5485	0.4715	0.5789	0.5021	0.0988	0.4926	0.2842	0.4880	0.5133	0.2747	0.5245
SRR4198666	0.4825	NA	0.2803	0.1775	0.3090	0.2597	0.2972	0.2545	0.1737	0.2653	0.0316	0.2742	0.2358	0.2520	0.2282	0.2393	0.2274	0.2444	0.2787	0.2386	0.3093	0.2576	0.2303	0.1747	0.2532	0.2521	0.2341	0.2299	0.2586	0.3032	0.4621	0.2344	0.2717	0.3147	0.1449	0.3042	0.2254	0.4240	0.0976	0.2077	0.1799	0.2525	0.1965	0.2648
ERR3761197	0.5324	0.2803	NA	0.1747	0.4140	0.0927	0.4032	0.0447	0.1647	0.0522	0.2755	0.0731	0.0776	0.0799	0.0842	0.0813	0.0842	0.0777	0.0236	0.0783	0.0658	0.0896	0.0877	0.1786	0.0799	0.2717	0.0732	0.0883	0.0917	0.4055	0.5137	0.0956	0.0728	0.0687	0.2125	0.4077	0.0837	0.4768	0.2597	0.3016	0.1749	0.0474	0.2925	0.0594
ERR4011035	0.4854	0.1775	0.1747	NA	0.3806	0.1437	0.3668	0.1420	0.0360	0.1574	0.1763	0.1643	0.1344	0.1480	0.1126	0.1365	0.1118	0.1409	0.1752	0.1348	0.2053	0.1457	0.1188	0.0453	0.1499	0.2019	0.1304	0.1188	0.1454	0.3738	0.4662	0.1243	0.1567	0.2102	0.0869	0.3682	0.1100	0.4221	0.1529	0.2158	0.0338	0.1391	0.2048	0.1591
SRR5260499	0.5855	0.3090	0.4140	0.3806	NA	0.4098	0.0389	0.3965	0.3713	0.4075	0.2852	0.4124	0.3869	0.3947	0.3835	0.3874	0.3842	0.3906	0.4142	0.3865	0.4288	0.4075	0.3872	0.3758	0.3961	0.3462	0.3842	0.3867	0.4045	0.0377	0.5719	0.3890	0.4094	0.4322	0.3197	0.0941	0.3831	0.5436	0.3397	0.4093	0.3799	0.3952	0.3978	0.4072
ERR3761220	0.5233	0.2597	0.0927	0.1437	0.4098	NA	0.3992	0.0770	0.1361	0.0886	0.2541	0.0666	0.0777	0.0836	0.0655	0.0834	0.0653	0.0806	0.0942	0.0803	0.1086	0.0286	0.0701	0.1430	0.0857	0.2584	0.0783	0.0699	0.0385	0.4032	0.5059	0.0761	0.0642	0.1110	0.1882	0.4027	0.0680	0.4655	0.2352	0.2823	0.1441	0.0798	0.2722	0.0936
SRR5260500	0.5788	0.2972	0.4032	0.3668	0.0389	0.3992	NA	0.3866	0.3599	0.3973	0.2727	0.4029	0.3769	0.3856	0.3727	0.3774	0.3734	0.3818	0.4039	0.3779	0.4198	0.3964	0.3768	0.3629	0.3868	0.3354	0.3737	0.3775	0.3931	0.0350	0.5653	0.3779	0.3993	0.4245	0.3079	0.0909	0.3730	0.5358	0.3277	0.3995	0.3665	0.3833	0.3873	0.3968
ERR3761196	0.5146	0.2545	0.0447	0.1420	0.3965	0.0770	0.3866	NA	0.1345	0.0434	0.2520	0.0638	0.0668	0.0731	0.0652	0.0677	0.0628	0.0665	0.0460	0.0667	0.0756	0.0781	0.0654	0.1470	0.0732	0.2440	0.0651	0.0661	0.0820	0.3890	0.4965	0.0758	0.0622	0.0791	0.1822	0.3879	0.0636	0.4582	0.2322	0.2758	0.1411	0.0184	0.2656	0.0458
ERR4011033	0.4817	0.1737	0.1647	0.0360	0.3713	0.1361	0.3599	0.1345	NA	0.1504	0.1696	0.1548	0.1271	0.1416	0.1063	0.1295	0.1040	0.1347	0.1687	0.1249	0.1978	0.1382	0.1088	0.0378	0.1411	0.1944	0.1221	0.1158	0.1372	0.3660	0.4633	0.1142	0.1494	0.2015	0.0822	0.3601	0.1037	0.4199	0.1493	0.2144	0.0338	0.1382	0.2022	0.1517
SRR6754098	0.5261	0.2653	0.0522	0.1574	0.4075	0.0886	0.3973	0.0434	0.1504	NA	0.2633	0.0795	0.0702	0.0736	0.0834	0.0690	0.0842	0.0700	0.0530	0.0687	0.0945	0.0901	0.0849	0.1614	0.0734	0.2655	0.0659	0.0870	0.0912	0.3994	0.5082	0.0931	0.0752	0.1003	0.1951	0.3999	0.0842	0.4701	0.2472	0.2932	0.1594	0.0457	0.2820	0.0114
SRR4198832	0.4815	0.0316	0.2755	0.1763	0.2852	0.2541	0.2727	0.2520	0.1696	0.2633	NA	0.2706	0.2328	0.2480	0.2239	0.2339	0.2228	0.2398	0.2758	0.2350	0.3043	0.2544	0.2282	0.1729	0.2492	0.2453	0.2309	0.2279	0.2523	0.2798	0.4615	0.2297	0.2688	0.3080	0.1404	0.2819	0.2234	0.4236	0.0988	0.2094	0.1766	0.2487	0.2013	0.2631
SRR6754103	0.5286	0.2742	0.0731	0.1643	0.4124	0.0666	0.4029	0.0638	0.1548	0.0795	0.2706	NA	0.0689	0.0771	0.0678	0.0766	0.0700	0.0741	0.0736	0.0740	0.0825	0.0642	0.0717	0.1658	0.0777	0.2657	0.0705	0.0720	0.0679	0.4051	0.5111	0.0788	0.0168	0.0857	0.2073	0.4057	0.0660	0.4726	0.2484	0.2936	0.1644	0.0683	0.2834	0.0821
ERR3761214	0.5075	0.2358	0.0776	0.1344	0.3869	0.0777	0.3769	0.0668	0.1271	0.0702	0.2328	0.0689	NA	0.0434	0.0530	0.0436	0.0550	0.0403	0.0763	0.0417	0.1062	0.0769	0.0549	0.1339	0.0455	0.2281	0.0362	0.0531	0.0742	0.3786	0.4894	0.0591	0.0686	0.1075	0.1678	0.3777	0.0510	0.4513	0.2167	0.2642	0.1343	0.0713	0.2542	0.0700
SRR6754086	0.5167	0.2520	0.0799	0.1480	0.3947	0.0836	0.3856	0.0731	0.1416	0.0736	0.2480	0.0771	0.0434	NA	0.0696	0.0487	0.0664	0.0460	0.0821	0.0478	0.1108	0.0837	0.0695	0.1478	0.0458	0.2436	0.0404	0.0673	0.0841	0.3862	0.4992	0.0737	0.0754	0.1132	0.1840	0.3873	0.0642	0.4595	0.2324	0.2754	0.1489	0.0755	0.2682	0.0740
ERR3761212	0.5015	0.2282	0.0842	0.1126	0.3835	0.0655	0.3727	0.0652	0.1063	0.0834	0.2239	0.0678	0.0530	0.0696	NA	0.0549	0.0337	0.0589	0.0847	0.0574	0.1073	0.0660	0.0357	0.1159	0.0678	0.2115	0.0504	0.0380	0.0663	0.3764	0.4833	0.0446	0.0658	0.1127	0.1544	0.3741	0.0333	0.4433	0.1987	0.2494	0.1119	0.0671	0.2384	0.0862
ERR3761218	0.5077	0.2393	0.0813	0.1365	0.3874	0.0834	0.3774	0.0677	0.1295	0.0690	0.2339	0.0766	0.0436	0.0487	0.0549	NA	0.0587	0.0469	0.0777	0.0429	0.1086	0.0813	0.0591	0.1367	0.0481	0.2300	0.0416	0.0608	0.0797	0.3795	0.4900	0.0680	0.0760	0.1115	0.1686	0.3795	0.0584	0.4499	0.2173	0.2629	0.1361	0.0709	0.2539	0.0742
ERR3761210	0.5022	0.2274	0.0842	0.1118	0.3842	0.0653	0.3734	0.0628	0.1040	0.0842	0.2228	0.0700	0.0550	0.0664	0.0337	0.0587	NA	0.0628	0.0830	0.0603	0.1067	0.0676	0.0364	0.1151	0.0732	0.2094	0.0547	0.0373	0.0661	0.3766	0.4846	0.0444	0.0667	0.1129	0.1531	0.3744	0.0334	0.4440	0.1988	0.2485	0.1119	0.0696	0.2390	0.0883
SRR6754092	0.5124	0.2444	0.0777	0.1409	0.3906	0.0806	0.3818	0.0665	0.1347	0.0700	0.2398	0.0741	0.0403	0.0460	0.0589	0.0469	0.0628	NA	0.0790	0.0463	0.1068	0.0786	0.0612	0.1421	0.0494	0.2380	0.0395	0.0625	0.0795	0.3829	0.4944	0.0702	0.0726	0.1101	0.1762	0.3831	0.0589	0.4542	0.2247	0.2684	0.1422	0.0720	0.2589	0.0729
SRR6754100	0.5326	0.2787	0.0236	0.1752	0.4142	0.0942	0.4039	0.0460	0.1687	0.0530	0.2758	0.0736	0.0763	0.0821	0.0847	0.0777	0.0830	0.0790	NA	0.0752	0.0670	0.0939	0.0895	0.1787	0.0792	0.2765	0.0746	0.0908	0.0942	0.4053	0.5139	0.0953	0.0742	0.0721	0.2136	0.4063	0.0860	0.4776	0.2599	0.3007	0.1776	0.0471	0.2914	0.0605
ERR3761219	0.5076	0.2386	0.0783	0.1348	0.3865	0.0803	0.3779	0.0667	0.1249	0.0687	0.2350	0.0740	0.0417	0.0478	0.0574	0.0429	0.0603	0.0463	0.0752	NA	0.1087	0.0807	0.0629	0.1342	0.0473	0.2325	0.0400	0.0622	0.0808	0.3804	0.4895	0.0673	0.0703	0.1104	0.1672	0.3793	0.0564	0.4503	0.2160	0.2637	0.1348	0.0698	0.2550	0.0725
ERR3761195	0.5461	0.3093	0.0658	0.2053	0.4288	0.1086	0.4198	0.0756	0.1978	0.0945	0.3043	0.0825	0.1062	0.1108	0.1073	0.1086	0.1067	0.1068	0.0670	0.1087	NA	0.1104	0.1084	0.2112	0.1113	0.3007	0.1030	0.1089	0.1108	0.4199	0.5297	0.1160	0.0848	0.0210	0.2446	0.4241	0.1058	0.4935	0.2956	0.3266	0.2105	0.0767	0.3159	0.1000
SRR6754093	0.5245	0.2576	0.0896	0.1457	0.4075	0.0286	0.3964	0.0781	0.1382	0.0901	0.2544	0.0642	0.0769	0.0837	0.0660	0.0813	0.0676	0.0786	0.0939	0.0807	0.1104	NA	0.0687	0.1441	0.0859	0.2592	0.0782	0.0695	0.0275	0.3997	0.5066	0.0750	0.0645	0.1093	0.1902	0.4012	0.0680	0.4661	0.2347	0.2827	0.1437	0.0819	0.2733	0.0950
ERR3761211	0.5016	0.2303	0.0877	0.1188	0.3872	0.0701	0.3768	0.0654	0.1088	0.0849	0.2282	0.0717	0.0549	0.0695	0.0357	0.0591	0.0364	0.0612	0.0895	0.0629	0.1084	0.0687	NA	0.1224	0.0716	0.2104	0.0539	0.0375	0.0696	0.3793	0.4836	0.0462	0.0692	0.1115	0.1578	0.3781	0.0341	0.4432	0.2014	0.2498	0.1168	0.0674	0.2387	0.0857
ERR4011032	0.4818	0.1747	0.1786	0.0453	0.3758	0.1430	0.3629	0.1470	0.0378	0.1614	0.1729	0.1658	0.1339	0.1478	0.1159	0.1367	0.1151	0.1421	0.1787	0.1342	0.2112	0.1441	0.1224	NA	0.1502	0.2086	0.1319	0.1232	0.1438	0.3689	0.4637	0.1266	0.1592	0.2140	0.0899	0.3643	0.1125	0.4183	0.1561	0.2162	0.0446	0.1485	0.2041	0.1630
SRR6754088	0.5163	0.2532	0.0799	0.1499	0.3961	0.0857	0.3868	0.0732	0.1411	0.0734	0.2492	0.0777	0.0455	0.0458	0.0678	0.0481	0.0732	0.0494	0.0792	0.0473	0.1113	0.0859	0.0716	0.1502	NA	0.2476	0.0412	0.0704	0.0859	0.3882	0.4995	0.0774	0.0772	0.1107	0.1828	0.3894	0.0707	0.4607	0.2331	0.2763	0.1507	0.0763	0.2680	0.0766
SRR3184739	0.5198	0.2521	0.2717	0.2019	0.3462	0.2584	0.3354	0.2440	0.1944	0.2655	0.2453	0.2657	0.2281	0.2436	0.2115	0.2300	0.2094	0.2380	0.2765	0.2325	0.3007	0.2592	0.2104	0.2086	0.2476	NA	0.2273	0.2144	0.2560	0.3431	0.5026	0.2180	0.2634	0.3050	0.1921	0.3298	0.2073	0.4657	0.2320	0.2831	0.1966	0.2420	0.2738	0.2655
ERR3761215	0.5048	0.2341	0.0732	0.1304	0.3842	0.0783	0.3737	0.0651	0.1221	0.0659	0.2309	0.0705	0.0362	0.0404	0.0504	0.0416	0.0547	0.0395	0.0746	0.0400	0.1030	0.0782	0.0539	0.1319	0.0412	0.2273	NA	0.0544	0.0795	0.3769	0.4872	0.0626	0.0692	0.1062	0.1651	0.3764	0.0526	0.4485	0.2125	0.2606	0.1309	0.0655	0.2507	0.0682
ERR3761206	0.5037	0.2299	0.0883	0.1188	0.3867	0.0699	0.3775	0.0661	0.1158	0.0870	0.2279	0.0720	0.0531	0.0673	0.0380	0.0608	0.0373	0.0625	0.0908	0.0622	0.1089	0.0695	0.0375	0.1232	0.0704	0.2144	0.0544	NA	0.0711	0.3793	0.4863	0.0494	0.0674	0.1136	0.1570	0.3771	0.0407	0.4461	0.2016	0.2516	0.1176	0.0672	0.2397	0.0901
ERR3761221	0.5226	0.2586	0.0917	0.1454	0.4045	0.0385	0.3931	0.0820	0.1372	0.0912	0.2523	0.0679	0.0742	0.0841	0.0663	0.0797	0.0661	0.0795	0.0942	0.0808	0.1108	0.0275	0.0696	0.1438	0.0859	0.2560	0.0795	0.0711	NA	0.3967	0.5054	0.0745	0.0636	0.1126	0.1897	0.3970	0.0653	0.4652	0.2332	0.2820	0.1467	0.0818	0.2724	0.0952
SRR5260498	0.5814	0.3032	0.4055	0.3738	0.0377	0.4032	0.0350	0.3890	0.3660	0.3994	0.2798	0.4051	0.3786	0.3862	0.3764	0.3795	0.3766	0.3829	0.4053	0.3804	0.4199	0.3997	0.3793	0.3689	0.3882	0.3431	0.3769	0.3793	0.3967	NA	0.5684	0.3813	0.4021	0.4233	0.3135	0.0929	0.3754	0.5389	0.3341	0.4054	0.3736	0.3859	0.3931	0.3988
SRR9302960	0.0726	0.4621	0.5137	0.4662	0.5719	0.5059	0.5653	0.4965	0.4633	0.5082	0.4615	0.5111	0.4894	0.4992	0.4833	0.4900	0.4846	0.4944	0.5139	0.4895	0.5297	0.5066	0.4836	0.4637	0.4995	0.5026	0.4872	0.4863	0.5054	0.5684	NA	0.4884	0.5081	0.5310	0.4537	0.5649	0.4838	0.1057	0.4710	0.2654	0.4697	0.4958	0.2568	0.5070
ERR3761209	0.5055	0.2344	0.0956	0.1243	0.3890	0.0761	0.3779	0.0758	0.1142	0.0931	0.2297	0.0788	0.0591	0.0737	0.0446	0.0680	0.0444	0.0702	0.0953	0.0673	0.1160	0.0750	0.0462	0.1266	0.0774	0.2180	0.0626	0.0494	0.0745	0.3813	0.4884	NA	0.0762	0.1222	0.1605	0.3786	0.0452	0.4466	0.2058	0.2532	0.1233	0.0746	0.2432	0.0962
ERR3761194	0.5261	0.2717	0.0728	0.1567	0.4094	0.0642	0.3993	0.0622	0.1494	0.0752	0.2688	0.0168	0.0686	0.0754	0.0658	0.0760	0.0667	0.0726	0.0742	0.0703	0.0848	0.0645	0.0692	0.1592	0.0772	0.2634	0.0692	0.0674	0.0636	0.4021	0.5081	0.0762	NA	0.0851	0.2020	0.4040	0.0658	0.4693	0.2464	0.2892	0.1598	0.0677	0.2790	0.0811
SRR6754102	0.5485	0.3147	0.0687	0.2102	0.4322	0.1110	0.4245	0.0791	0.2015	0.1003	0.3080	0.0857	0.1075	0.1132	0.1127	0.1115	0.1129	0.1101	0.0721	0.1104	0.0210	0.1093	0.1115	0.2140	0.1107	0.3050	0.1062	0.1136	0.1126	0.4233	0.5310	0.1222	0.0851	NA	0.2479	0.4274	0.1118	0.4956	0.3016	0.3291	0.2140	0.0822	0.3204	0.1053
SRR7054681	0.4715	0.1449	0.2125	0.0869	0.3197	0.1882	0.3079	0.1822	0.0822	0.1951	0.1404	0.2073	0.1678	0.1840	0.1544	0.1686	0.1531	0.1762	0.2136	0.1672	0.2446	0.1902	0.1578	0.0899	0.1828	0.1921	0.1651	0.1570	0.1897	0.3135	0.4537	0.1605	0.2020	0.2479	NA	0.3095	0.1505	0.4117	0.1364	0.2111	0.0873	0.1823	0.1999	0.1938
SRR12261223	0.5789	0.3042	0.4077	0.3682	0.0941	0.4027	0.0909	0.3879	0.3601	0.3999	0.2819	0.4057	0.3777	0.3873	0.3741	0.3795	0.3744	0.3831	0.4063	0.3793	0.4241	0.4012	0.3781	0.3643	0.3894	0.3298	0.3764	0.3771	0.3970	0.0929	0.5649	0.3786	0.4040	0.4274	0.3095	NA	0.3741	0.5364	0.3304	0.3989	0.3667	0.3861	0.3867	0.4004
ERR3761213	0.5021	0.2254	0.0837	0.1100	0.3831	0.0680	0.3730	0.0636	0.1037	0.0842	0.2234	0.0660	0.0510	0.0642	0.0333	0.0584	0.0334	0.0589	0.0860	0.0564	0.1058	0.0680	0.0341	0.1125	0.0707	0.2073	0.0526	0.0407	0.0653	0.3754	0.4838	0.0452	0.0658	0.1118	0.1505	0.3741	NA	0.4433	0.1972	0.2486	0.1098	0.0682	0.2373	0.0853
SRR9302959	0.0988	0.4240	0.4768	0.4221	0.5436	0.4655	0.5358	0.4582	0.4199	0.4701	0.4236	0.4726	0.4513	0.4595	0.4433	0.4499	0.4440	0.4542	0.4776	0.4503	0.4935	0.4661	0.4432	0.4183	0.4607	0.4657	0.4485	0.4461	0.4652	0.5389	0.1057	0.4466	0.4693	0.4956	0.4117	0.5364	0.4433	NA	0.4310	0.2313	0.4253	0.4573	0.2262	0.4687
SRR1173821	0.4926	0.0976	0.2597	0.1529	0.3397	0.2352	0.3277	0.2322	0.1493	0.2472	0.0988	0.2484	0.2167	0.2324	0.1987	0.2173	0.1988	0.2247	0.2599	0.2160	0.2956	0.2347	0.2014	0.1561	0.2331	0.2320	0.2125	0.2016	0.2332	0.3341	0.4710	0.2058	0.2464	0.3016	0.1364	0.3304	0.1972	0.4310	NA	0.2065	0.1547	0.2301	0.1997	0.2490
SRR9302962	0.2842	0.2077	0.3016	0.2158	0.4093	0.2823	0.3995	0.2758	0.2144	0.2932	0.2094	0.2936	0.2642	0.2754	0.2494	0.2629	0.2485	0.2684	0.3007	0.2637	0.3266	0.2827	0.2498	0.2162	0.2763	0.2831	0.2606	0.2516	0.2820	0.4054	0.2654	0.2532	0.2892	0.3291	0.2111	0.3989	0.2486	0.2313	0.2065	NA	0.2208	0.2757	0.0501	0.2925
ERR4011037	0.4880	0.1799	0.1749	0.0338	0.3799	0.1441	0.3665	0.1411	0.0338	0.1594	0.1766	0.1644	0.1343	0.1489	0.1119	0.1361	0.1119	0.1422	0.1776	0.1348	0.2105	0.1437	0.1168	0.0446	0.1507	0.1966	0.1309	0.1176	0.1467	0.3736	0.4697	0.1233	0.1598	0.2140	0.0873	0.3667	0.1098	0.4253	0.1547	0.2208	NA	0.1445	0.2065	0.1619
SRR6754101	0.5133	0.2525	0.0474	0.1391	0.3952	0.0798	0.3833	0.0184	0.1382	0.0457	0.2487	0.0683	0.0713	0.0755	0.0671	0.0709	0.0696	0.0720	0.0471	0.0698	0.0767	0.0819	0.0674	0.1485	0.0763	0.2420	0.0655	0.0672	0.0818	0.3859	0.4958	0.0746	0.0677	0.0822	0.1823	0.3861	0.0682	0.4573	0.2301	0.2757	0.1445	NA	0.2656	0.0480
SRR9302961	0.2747	0.1965	0.2925	0.2048	0.3978	0.2722	0.3873	0.2656	0.2022	0.2820	0.2013	0.2834	0.2542	0.2682	0.2384	0.2539	0.2390	0.2589	0.2914	0.2550	0.3159	0.2733	0.2387	0.2041	0.2680	0.2738	0.2507	0.2397	0.2724	0.3931	0.2568	0.2432	0.2790	0.3204	0.1999	0.3867	0.2373	0.2262	0.1997	0.0501	0.2065	0.2656	NA	0.2814
ERR3761199	0.5245	0.2648	0.0594	0.1591	0.4072	0.0936	0.3968	0.0458	0.1517	0.0114	0.2631	0.0821	0.0700	0.0740	0.0862	0.0742	0.0883	0.0729	0.0605	0.0725	0.1000	0.0950	0.0857	0.1630	0.0766	0.2655	0.0682	0.0901	0.0952	0.3988	0.5070	0.0962	0.0811	0.1053	0.1938	0.4004	0.0853	0.4687	0.2490	0.2925	0.1619	0.0480	0.2814	NA
